18,46,96,13,27,49,35,28,75,12,25,81,24,16,39,34,67
75,58,64,12,65,48,42,45,61,29,78,73,66,98,55,83,87,51,53,11,59,33,94
27,18,64,12,65,61,73,98,19,87,53
98,71,47,28,33,37,25,34,87,66,11,53,52,79,83,19,51,16,59
98,19,83,51,53,89,52,37,67
15,85,39,46,27,96,18,75,58,64,12,45,61,29,78,66,55
53,12,78,58,66,87,83,96,73,45,64,11,48
12,78,58,65,87,73,51,66,55,94,48,19,45
33,94,71,89,52,37,35,28,16,25,81,67,26,24,13,15,49,85,39,46,27
61,46,42,64,85,29,15,12,48,24,65,58,26,13,75,18,73
52,34,19,11,87,28,53,47,55,51,33,66,98,89,81
78,48,58,64,75,66,19,12,61
66,98,55,19,83,87,51,53,11,59,33,94,71,79,89,52,37,28,16,25,34,81,47
59,33,94,71,79,89,35,28,16,25,34,81,47,67,26,24,13,15,49,85,46
18,75,58,64,48,42,45,78,73,55,83,87,53,59,33
47,67,26,24,15,49,85,39,46,27,96,32,18,75,58,64,12,65,48,42,45,61,29
26,75,27,96,15,28,64,18,49,39,13,47,58,16,46,37,32,34,67,24,81
15,49,39,46,96,32,18,75,65,48,42,61,29,78,73,98,55
25,13,49,46,27,96,32,18,58
25,34,39,46,18,58,42
79,25,83,59,55,71,81,53,11,98,66
55,19,83,79,52
28,81,67,26,85,46,27,96,32,18,75,58,12
34,81,47,26,24,13,15,39,27,18,58,12,65,48,45
75,58,48,42,29,78,66,55,83,87,94
39,46,65,73,98,19,87
16,34,19,78,33,71,87,37,25,53,89,83,59,35,94,11,51
67,46,96,39,34,32,35,47,89,52,18,37,15,85,79
83,11,59,33,37,47,13
28,16,25,34,81,47,67,26,24,13,15,49,85,46,27,96,32,18,75,58,64,12,65
71,55,11,87,16,28,94,89,73,79,83,35,34,19,51,25,66,78,37,98,59
35,28,16,25,34,81,47,67,26,24,13,49,85,39,46,27,96,32,18,75,58,64,12
35,37,87,79,73,71,52,51,11,19,25,16,33,98,29,59,78,66,83,94,89,53,55
87,34,81,51,37,11,59,89,26,19,47,94,79,52,33,25,55,53,35
94,71,87,15,35,89,13,34,24
33,71,89,52,37,28,16,25,81,47,67,49,85,39,27
52,37,35,28,16,25,34,81,47,67,26,24,15,39,46,27,32,75,58
64,65,48,42,45,61,29,78,73,66,98,55,19,51,53,11,59,33,94,71,79
83,64,73,61,46,48,98,29,19,39,87,58,55,75,96
87,42,12,29,65,59,89,83,79
96,32,64,12,48,61,29,78,73,66,98,51,11
73,55,19,83,87,59,33,71,89,52,37,28,25,34,81
15,49,39,27,96,18,75,58,64,12,65,48,42,78,66,98,55
85,18,29,65,75,45,73,61,58,13,12,96,27,26,24
45,29,78,73,66,98,55,19,83,87,51,53,11,59,33,94,71,79,89,52,37,35,28
34,47,67,26,24,13,39,32,18,58,64,48,45
46,12,32,39,58,13,67,96,75,15,48
13,15,85,46,96,18,75,58,64,12,45,29,73,66,98
11,94,71,79,37,28,16,25,34,81,47,67,49,85,39
34,47,33,28,39,13,89,16,27,49,52,37,15,67,25,81,35,71,24,94,85,26,46
35,28,34,81,47,26,24,13,49,39,46,27,96,32,18,75,58,64,12
51,53,11,59,94,89,52,37,16,25,67,15,49
29,28,19,61,37,52,35,98,45,78,87
28,32,79,15,37,39,96,35,47,34,25,49,27,46,18,89,85
96,58,48,42,61,29,98,55,83,53,11
85,39,32,12,42,55,83
51,83,42,27,73
47,24,15,49,85,39,46,58,64,48,42,61,29
13,61,65,81,39,67,18,32,45,96,24,46,49
16,25,34,47,67,26,24,13,15,49,39,27,96,32,18,75,58,64,12,65,48
29,53,45,98,65,83,51,55,48,78,19
33,94,79,52,35,28,16,25,34,47,67,26,13,49,39,46,27
85,27,34,67,16,81,75,49,65,39,96
79,15,26,46,34,24,52,25,18
55,83,53,33,89,67,26
11,94,98,79,89,78,37,55,45,59,42,33,29,61,52,73,71,19,53
24,85,39,46,27,96,32,18,58,64,12,48,42,78,66
61,29,73,98,53,79,16
25,34,81,47,67,26,24,13,49,85,46,27,96,75,58,64,42
49,46,96,75,58,29,98,55,19
15,49,78,13,64,96,18,73,48,65,85,98,42,45,12,29,46,39,58,66,61,27,75
34,81,47,15,46,27,96,18,58,65,45
45,29,78,73,55,87,51,53,11,59,33,94,71,89,52,35,28
34,81,47,67,26,13,15,85,39,27,96,32,18,75,58,12,65,42,45
52,28,81,24,85,46,96,75,58
27,96,42,61,29,73,98,51,53
79,52,37,34,67,26,15,85,18
61,49,32,64,13,18,42,27,85,15,75,39,96,65,73
59,94,89,37,28,25,81,47,67,26,24,13,15
18,58,46,32,55,96,45,51,19,42,75
42,65,39,29,64,12,85,48,15,75,96,49,58,78,45,73,55
89,52,37,35,28,16,25,34,81,47,67,26,24,13,49,46,96,18,75
71,79,89,52,37,35,16,25,34,81,47,26,24,13,15,49,85,46,27,96,32
55,71,48,78,98,73,83,19,66,94,87,45,89,79,12,61,33
16,25,34,81,47,67,26,24,13,15,49,85,39,46,27,96,32,18,75,64,12,65,48
32,48,27,78,83,98,96,61,58,18,87,65,55,53,12,75,64,42,19,29,45
61,29,78,73,66,98,55,83,87,51,53,11,59,33,94,52,28
51,87,47,67,28,59,19,16,25,52,81,11,55,53,35,98,94,33,89,34,83
67,26,24,13,15,49,85,39,46,27,96,18,75,58,64,12,65,48,42,45,61,29,78
58,64,65,48,45,61,29,78,73,66,98,55,19,83,51,53,11,59,33,94,71
26,53,94,81,55,34,47,83,59,16,33,25,71,19,89
16,27,35,26,96,32,34,79,85,37,81,47,39,13,46,25,28,15,67,52,49,24,71
33,48,45,12,83,53,66,42,11,87,79,19,64,71,98,29,61
15,49,96,18,64,45,29
27,96,32,18,75,58,64,12,65,48,42,61,29,78,73,66,98,55,19,83,87,51,53
89,28,16,81,47,26,24,49,85,27,96
16,47,51,89,26,59,37,25,34,71,52,53,33,79,11,28,13,24,67,15,35,87,81
83,59,61,42,98,78,58,11,48,71,87,94,12,19,66,45,53,33,51,65,29
26,24,13,49,85,39,46,27,32,18,75,58,64,65,45,61,29,78,73
27,67,28,49,47,75,24,34,85,13,15,37,64,26,35,46,32
71,16,46,81,34,67,89,52,27,49,26,39,94,35,37
81,47,67,26,24,13,15,49,85,39,46,27,96,32,18,75,58,64,12,65,48,42,61
27,32,12,39,45,29,46,42,67,61,48,26,15,18,64,96,24,78,58,85,75
94,71,79,89,52,16,81,26,24,13,49,85,39,46,96
89,35,28,16,25,34,81,47,67,26,24,13,15,49,85,39,46,27,96,18,75
61,53,12,18,48,64,55,51,58,78,11,65,59,29,83,45,87,42,33
52,61,73,83,55,19,87,42,51,66,89,94,29,78,33,11,59,35,45
65,48,42,61,29,78,55,19,83,87,51,53,11,59,33,71,79,89,52
49,85,46,27,32,18,75,58,64,12,65,48,42,45,61,29,73
78,73,66,98,19,83,87,51,53,11,59,33,94,71,79,89,52,37,35,28,16,25,34
87,61,19,94,59,78,89,53,83,52,11,45,55,28,35,51,79
55,71,52,35,89,78,34,53,51
65,42,45,29,78,73,66,98,55,19,87,51,11,59,94,71,79,89,52
15,26,27,75,52,25,67,37,32,47,46,89,24,34,13,81,35,85,16
64,32,48,65,47,46,29,49,67
85,39,96,32,18,75,58,12,65,48,45,29,66,98,55,19,83
73,98,55,59,52,35,28,25,81
73,98,55,19,83,87,51,11,33,94,71,79,89,37,35,28,25,34,81
39,15,26,75,47,42,29,61,24,48,12,64,49,32,46,65,67
59,79,89,52,37,28,16,34,67,26,24,15,49
59,15,47,46,49,94,37
71,67,89,34,52,15,94,53,28,26,33,59,47,25,87,37,79,13,81,11,24,51,16
96,75,58,64,29,78,66,98,87,51,11
16,83,55,79,59,52,71,37,26,87,47,35,25
32,18,75,64,12,65,48,42,45,29,78,66,98,55,87,51,59
37,25,67,26,13,15,85,39,58
61,12,11,98,65,51,33,45,42,78,83,29,59,66,58,53,64,48,19,73,18
24,11,37,87,35,94,79,89,47,51,81
39,16,35,67,28
59,94,89,52,28,16,25,81,47,67,49,85,39
51,12,42,46,45,58,66,75,78
47,34,28,37,32,49,71,15,81
25,47,81,11,33,16,24,89,51
48,42,45,29,78,73,66,98,55,19,83,87,51,53,11,59,33,94,71,89,52
37,28,15,49,27
35,33,78,42,19,55,45
45,29,78,98,55,83,51,11,33,94,71
12,42,73,83,53,11,89
39,46,27,96,32,18,75,58,64,12,65,48,42,45,61,29,78,73,66,98,55,19,87
67,26,24,13,15,49,39,46,32,18,75,65,48,42,45,61,78
25,71,33,15,52,28,94,37,27
89,37,87,28,78,52,98,66,16,61,35
39,46,61,32,42,19,27,55,64,78,12,96,87,29,18,45,98,65,73,75,58
66,98,55,51,53,33,94,71,79,52,37,35,28,25,34,81,47
39,46,27,96,18,75,58,12,65,48,45,61,29,73,66,98,19,83,87
67,13,27,96,12,61,78
47,96,75,65,48,61,29
35,28,16,25,34,81,47,67,26,24,13,15,49,85,39,46,27,96,18,75,58,64,12
37,75,81,58,15,18,16,35,34,96,28,46,52,67,47,49,26,27,32
46,67,89,49,75,96,52
47,11,39,24,26,35,15,71,89,52,13,25,33
51,37,53,16,87,24,15,79,13,34,94,52,81,33,11,89,59,71,67,47,35,26,25
83,51,53,11,33,94,35,28,25,34,81,24,13
64,48,45,29,78,73,98,51,59,33,94
89,53,81,51,83,16,66
19,51,87,78,64,61,12,96,55,45,73,65,98,58,46,66,83
78,73,66,98,55,83,87,51,53,11,59,94,71,79,89,52,37,35,16,25,34
48,64,11,66,78,29,32,45,96,73,19,87,53,98,42,51,83,75,65,12,61
67,78,49,32,64,65,13
75,29,59,45,11,58,12,55,64,73,53,65,48,33,83,98,66,78,18,87,51,19,61
83,51,79,35,34,24,13
87,78,51,53,61,33,48,42,83,19,12,66,75,58,55,65,73,98,94
29,73,66,55,83,87,53,33,71,79,89,52,37,35,25
53,11,59,33,94,71,79,89,52,37,35,28,16,25,34,81,47,67,26,24,13,15,85
96,67,89,79,71,39,24,26,81,94,13
12,65,42,61,29,78,73,66,98,19,87,51,59,33,71,79,89
25,34,81,47,67,26,24,13,15,49,85,39,46,27,96,32,18,58,64,12,65,48,42
96,32,18,58,12,48,61,19,83,87,51
96,85,18,27,75,78,64,39,12,73,46,65,45,15,24,13,29,48,32,66,42,61,49
25,34,81,47,67,26,13,15,39,27,96,12,65
46,65,73,32,19,42,45,48,98
16,25,34,81,47,67,26,24,13,15,49,85,39,46,96,32,18,75,58,12,48
58,52,16,96,85,13,81,18,28,26,67,35,37,27,15,47,24
26,24,49,75,64,42,61,29,78
46,79,71,24,35,49,85,81,94,47,16,13,67,34,33,39,52,59,15,28,89,37,26
45,51,12,48,29,61,66,83,71,55,58,78,87,73,42
75,48,61,73,98,55,59,58,66,19,18,78,83
73,78,65,45,66,98,19,48,53,61,51,94,83,87,12,75,59,58,33,64,29
96,13,75,47,65,26,48,58,12,24,27,39,15,67,45,61,46,81,64,32,85
25,81,47,27,96,18,75,58,42
37,24,33,34,15,49,79,94,85,16,71,53,25
89,33,24,47,37,79,49,27,28,85,35
64,45,42,81,65,47,12,58,24,27,49,18,75,26,13,96,46,34,48
83,51,53,11,59,94,71,37,28,16,25,34,47,67,26,24,13
19,53,59,79,52,16,47
27,65,19,48,75,78,45,12,18,87,42,83,53,66,55,98,64
19,83,87,51,53,59,33,94,71,79,89,52,37,35,28,16,25,81,47,67,24
33,94,89,52,37,28,16,25,34,81,47,67,26,24,13,15,85,39,46
15,85,39,96,32,75,58,64,65,48,42,45,66,98,55
47,67,15,46,32,18,58,64,48,42,45,61,29
52,89,37,35,53,16,79,55,59,51,29,61,78,73,98
73,61,24,42,64,66,18,15,29
71,79,52,37,35,28,16,34,81,47,67,26,24,13,15,49,85,39,27,96,32
15,39,64,66,24,61,12,18,58,45,32,75,73,27,65,46,29,42,13,85,48